	CityName	Cloudiness	Country	Date	Humidity	Lat	Lng	MaxTemp	WindSpeed
0	Ancud	75	CL	1544374800	87	-41.87	-73.83	57.2	14.99
1	Jalu	0	LY	1544375685	56	29.03	21.55	60.17	8.05
2	Rikitea	12	PF	1544375686	96	-23.12	-134.97	78.98	13.09
3	Mataura	92	NZ	1544375686	89	-46.19	168.86	49.82	4.36
4	Ribeira Grande	75	PT	1544373000	88	38.52	-28.7	66.2	11.41
5	Ushuaia	75	AR	1544374800	81	-54.81	-68.31	55.4	5.82
6	Kulunda	36	RU	1544375687	72	52.57	78.94	-2.07	8.39
7	Hobart	40	AU	1544373000	87	-42.88	147.33	55.4	5.82
8	Bluff	20	AU	1544375688	73	-23.58	149.07	70.12	10.74
9	Harper	1	US	1544374500	55	30.3	-99.24	45.32	16.11
